Keyword,OldCount,NewCount,Difference,ChangeType,AbsDiff
로그,10,2,-8,DECREASED,8
브이,2,10,8,INCREASED,8
장모님,9,1,-8,DECREASED,8
하츠,10,2,-8,DECREASED,8
최초,8,1,-7,DECREASED,7
정통,9,2,-7,DECREASED,7
커플,7,1,-6,DECREASED,6
감자탕,8,2,-6,DECREASED,6
비하인드,7,1,-6,DECREASED,6
인생,1,6,5,INCREASED,5
공개,6,1,-5,DECREASED,5
협상,6,1,-5,DECREASED,5
만들기,8,3,-5,DECREASED,5
친구,2,6,4,INCREASED,4
나눔,6,2,-4,DECREASED,4
일본,7,3,-4,DECREASED,4
연애,1,5,4,INCREASED,4
기술,4,1,-3,DECREASED,3
트롯,4,1,-3,DECREASED,3
김치,1,4,3,INCREASED,3
하이라이트,4,1,-3,DECREASED,3
이제훈,4,1,-3,DECREASED,3
박보검,3,1,-2,DECREASED,2
이야기,1,3,2,INCREASED,2
미국,1,3,2,INCREASED,2
먹방,4,2,-2,DECREASED,2
믹스,3,5,2,INCREASED,2
아기,1,3,2,INCREASED,2
맛집,2,4,2,INCREASED,2
세라핌,1,2,1,INCREASED,1
라이브,1,2,1,INCREASED,1
정은지,2,1,-1,DECREASED,1
엄마,1,2,1,INCREASED,1
결혼,1,2,1,INCREASED,1
영상,1,2,1,INCREASED,1
육아,1,2,1,INCREASED,1
보이,2,1,-1,DECREASED,1
데이트,1,2,1,INCREASED,1
이사,2,1,-1,DECREASED,1
남편,2,1,-1,DECREASED,1
서인국,2,1,-1,DECREASED,1
커피,3,4,1,INCREASED,1
이유,2,1,-1,DECREASED,1
세계,2,1,-1,DECREASED,1
선공,1,2,1,INCREASED,1
아이유,2,3,1,INCREASED,1
아이돌,2,1,-1,DECREASED,1
감사,1,2,1,INCREASED,1
아들,2,1,-1,DECREASED,1
미스터,1,2,1,INCREASED,1
스위스,1,2,1,INCREASED,1
솔로,2,1,-1,DECREASED,1
제니,3,2,-1,DECREASED,1
수다,1,2,1,INCREASED,1
게임,2,1,-1,DECREASED,1
정동원,1,1,0,NO_CHANGE,0
이슈,1,1,0,NO_CHANGE,0
이별,1,1,0,NO_CHANGE,0
이삭,2,2,0,NO_CHANGE,0
점검,1,1,0,NO_CHANGE,0
이소담,1,1,0,NO_CHANGE,0
점점,1,1,0,NO_CHANGE,0
이상형,1,1,0,NO_CHANGE,0
전과자,1,1,0,NO_CHANGE,0
전설,3,3,0,NO_CHANGE,0
전하,1,1,0,NO_CHANGE,0
전화,1,1,0,NO_CHANGE,0
절친,1,1,0,NO_CHANGE,0
장가,1,1,0,NO_CHANGE,0
음식물,1,1,0,NO_CHANGE,0
정시,1,1,0,NO_CHANGE,0
의류,1,1,0,NO_CHANGE,0
정신,1,1,0,NO_CHANGE,0
이강인,1,1,0,NO_CHANGE,0
정수빈,1,1,0,NO_CHANGE,0
육회,1,1,0,NO_CHANGE,0
정우,1,1,0,NO_CHANGE,0
정원,1,1,0,NO_CHANGE,0
음식,2,2,0,NO_CHANGE,0
은파,2,2,0,NO_CHANGE,0
정신과,1,1,0,NO_CHANGE,0
정석원,1,1,0,NO_CHANGE,0
이범호,1,1,0,NO_CHANGE,0
정보,1,1,0,NO_CHANGE,0
정리,1,1,0,NO_CHANGE,0
이건,2,2,0,NO_CHANGE,0
이경규,1,1,0,NO_CHANGE,0
이경실,1,1,0,NO_CHANGE,0
정성,1,1,0,NO_CHANGE,0
이름,1,1,0,NO_CHANGE,0
이오,1,1,0,NO_CHANGE,0
임신,1,1,0,NO_CHANGE,0
임시,1,1,0,NO_CHANGE,0
일식,1,1,0,NO_CHANGE,0
일지,1,1,0,NO_CHANGE,0
장비,1,1,0,NO_CHANGE,0
일체,1,1,0,NO_CHANGE,0
임영웅,3,3,0,NO_CHANGE,0
임하룡,1,1,0,NO_CHANGE,0
일기,1,1,0,NO_CHANGE,0
인피니트,3,3,0,NO_CHANGE,0
인터뷰,1,1,0,NO_CHANGE,0
일동,1,1,0,NO_CHANGE,0
인천공항,1,1,0,NO_CHANGE,0
인척,1,1,0,NO_CHANGE,0
인수,1,1,0,NO_CHANGE,0
일본어,1,1,0,NO_CHANGE,0
일상,1,1,0,NO_CHANGE,0
일반,1,1,0,NO_CHANGE,0
자동,1,1,0,NO_CHANGE,0
자녀,1,1,0,NO_CHANGE,0
자꾸,1,1,0,NO_CHANGE,0
잔치국수,1,1,0,NO_CHANGE,0
잡화,1,1,0,NO_CHANGE,0
장기,1,1,0,NO_CHANGE,0
잠입,1,1,0,NO_CHANGE,0
자매,1,1,0,NO_CHANGE,0
자식,1,1,0,NO_CHANGE,0
자기,1,1,0,NO_CHANGE,0
잇츠,1,1,0,NO_CHANGE,0
입학,1,1,0,NO_CHANGE,0
재개,2,2,0,NO_CHANGE,0
재기,1,1,0,NO_CHANGE,0
재료,2,2,0,NO_CHANGE,0
이제,1,1,0,NO_CHANGE,0
이유식,1,1,0,NO_CHANGE,0
적응,1,1,0,NO_CHANGE,0
적자,1,1,0,NO_CHANGE,0
저희,1,1,0,NO_CHANGE,0
재회,1,1,0,NO_CHANGE,0
장윤정,1,1,0,NO_CHANGE,0
이창호,1,1,0,NO_CHANGE,0
이커머스,1,1,0,NO_CHANGE,0
이탈리아,1,1,0,NO_CHANGE,0
인기,1,1,0,NO_CHANGE,0
이창섭,1,1,0,NO_CHANGE,0
이찬원,2,2,0,NO_CHANGE,0
인사,1,1,0,NO_CHANGE,0
장인어른,1,1,0,NO_CHANGE,0
인문학,1,1,0,NO_CHANGE,0
인분,1,1,0,NO_CHANGE,0
가격,1,1,0,NO_CHANGE,0
어부,1,1,0,NO_CHANGE,0
얼굴,1,1,0,NO_CHANGE,0
어학,1,1,0,NO_CHANGE,0
어린이집,2,2,0,NO_CHANGE,0
얼마나,1,1,0,NO_CHANGE,0
엑스,1,1,0,NO_CHANGE,0
에이즈,2,2,0,NO_CHANGE,0
에일리,1,1,0,NO_CHANGE,0
에그드랍,1,1,0,NO_CHANGE,0
에브라,1,1,0,NO_CHANGE,0
에픽하이,1,1,0,NO_CHANGE,0
엄지원,1,1,0,NO_CHANGE,0
압축,1,1,0,NO_CHANGE,0
애순,1,1,0,NO_CHANGE,0
알리,1,1,0,NO_CHANGE,0
양봉,2,2,0,NO_CHANGE,0
양산,2,2,0,NO_CHANGE,0
양금,1,1,0,NO_CHANGE,0
야채,2,2,0,NO_CHANGE,0
어디,1,1,0,NO_CHANGE,0
양세형,1,1,0,NO_CHANGE,0
앨범,1,1,0,NO_CHANGE,0
액세서리,1,1,0,NO_CHANGE,0
야외,1,1,0,NO_CHANGE,0
야생,1,1,0,NO_CHANGE,0
예선,1,1,0,NO_CHANGE,0
엽떡,1,1,0,NO_CHANGE,0
연하,1,1,0,NO_CHANGE,0
영어,1,1,0,NO_CHANGE,0
예고편,1,1,0,NO_CHANGE,0
영지,1,1,0,NO_CHANGE,0
예민,1,1,0,NO_CHANGE,0
예비,1,1,0,NO_CHANGE,0
엘레,1,1,0,NO_CHANGE,0
여름,1,1,0,NO_CHANGE,0
여자,1,1,0,NO_CHANGE,0
여행가,1,1,0,NO_CHANGE,0
여행,3,3,0,NO_CHANGE,0
연패,1,1,0,NO_CHANGE,0
연속,1,1,0,NO_CHANGE,0
연모,1,1,0,NO_CHANGE,0
연결,1,1,0,NO_CHANGE,0
역사,2,2,0,NO_CHANGE,0
역대,1,1,0,NO_CHANGE,0
연세대,1,1,0,NO_CHANGE,0
연세,1,1,0,NO_CHANGE,0
알렉스,1,1,0,NO_CHANGE,0
아빠어디가,1,1,0,NO_CHANGE,0
아산병원,1,1,0,NO_CHANGE,0
아빠,1,1,0,NO_CHANGE,0
아무,1,1,0,NO_CHANGE,0
아이,1,1,0,NO_CHANGE,0
아우,1,1,0,NO_CHANGE,0
아시아,1,1,0,NO_CHANGE,0
아가,1,1,0,NO_CHANGE,0
실존,1,1,0,NO_CHANGE,0
아내,1,1,0,NO_CHANGE,0
아침,1,1,0,NO_CHANGE,0
안방,1,1,0,NO_CHANGE,0
안주,1,1,0,NO_CHANGE,0
안세영,1,1,0,NO_CHANGE,0
악플,1,1,0,NO_CHANGE,0
아파트,1,1,0,NO_CHANGE,0
알람,1,1,0,NO_CHANGE,0
아이스크림,1,1,0,NO_CHANGE,0
월간,1,1,0,NO_CHANGE,0
월드,1,1,0,NO_CHANGE,0
월드컵,1,1,0,NO_CHANGE,0
우지,1,1,0,NO_CHANGE,0
원샷,1,1,0,NO_CHANGE,0
운동,1,1,0,NO_CHANGE,0
우현,1,1,0,NO_CHANGE,0
원더풀라이프,1,1,0,NO_CHANGE,0
워치,1,1,0,NO_CHANGE,0
웃음,1,1,0,NO_CHANGE,0
유우,1,1,0,NO_CHANGE,0
유발,1,1,0,NO_CHANGE,0
유머,1,1,0,NO_CHANGE,0
유럽,1,1,0,NO_CHANGE,0
유치원,1,1,0,NO_CHANGE,0
유튜버,1,1,0,NO_CHANGE,0
유학,1,1,0,NO_CHANGE,0
유학생,1,1,0,NO_CHANGE,0
월세,1,1,0,NO_CHANGE,0
위해,1,1,0,NO_CHANGE,0
유니콘,1,1,0,NO_CHANGE,0
위기,1,1,0,NO_CHANGE,0
와플,1,1,0,NO_CHANGE,0
완도,1,1,0,NO_CHANGE,0
와인,1,1,0,NO_CHANGE,0
완료,1,1,0,NO_CHANGE,0
완치,1,1,0,NO_CHANGE,0
완전체,1,1,0,NO_CHANGE,0
오라,1,1,0,NO_CHANGE,0
오버,1,1,0,NO_CHANGE,0
오만,1,1,0,NO_CHANGE,0
오늘,1,1,0,NO_CHANGE,0
올해,1,1,0,NO_CHANGE,0
올리브영,1,1,0,NO_CHANGE,0
오열,1,1,0,NO_CHANGE,0
왕관,1,1,0,NO_CHANGE,0
왕만,1,1,0,NO_CHANGE,0
외식,1,1,0,NO_CHANGE,0
외로움,1,1,0,NO_CHANGE,0
외국인,1,1,0,NO_CHANGE,0
옐로우,1,1,0,NO_CHANGE,0
우대,1,1,0,NO_CHANGE,0
우리나라,1,1,0,NO_CHANGE,0
우리,3,3,0,NO_CHANGE,0
우정,1,1,0,NO_CHANGE,0
우유,1,1,0,NO_CHANGE,0
요정,1,1,0,NO_CHANGE,0
용빈,1,1,0,NO_CHANGE,0
요즘,2,2,0,NO_CHANGE,0
요리,2,2,0,NO_CHANGE,0
용어,1,1,0,NO_CHANGE,0
용형,1,1,0,NO_CHANGE,0
제이,1,1,0,NO_CHANGE,0
파티,1,1,0,NO_CHANGE,0
티저,1,1,0,NO_CHANGE,0
파넨카,1,1,0,NO_CHANGE,0
파악,1,1,0,NO_CHANGE,0
파스타,1,1,0,NO_CHANGE,0
팩폭,1,1,0,NO_CHANGE,0
판교,1,1,0,NO_CHANGE,0
패틴슨,1,1,0,NO_CHANGE,0
패션,1,1,0,NO_CHANGE,0
핑계,2,2,0,NO_CHANGE,0
틈새라면,1,1,0,NO_CHANGE,0
특별,1,1,0,NO_CHANGE,0
티어,1,1,0,NO_CHANGE,0
플레이,1,1,0,NO_CHANGE,0
피부,1,1,0,NO_CHANGE,0
프로,2,2,0,NO_CHANGE,0
프렌즈,1,1,0,NO_CHANGE,0
폭싹,2,2,0,NO_CHANGE,0
포터,1,1,0,NO_CHANGE,0
포탈,1,1,0,NO_CHANGE,0
폭탄,1,1,0,NO_CHANGE,0
피아,1,1,0,NO_CHANGE,0
피치,1,1,0,NO_CHANGE,0
퍼포먼스,1,1,0,NO_CHANGE,0
편의점,1,1,0,NO_CHANGE,0
편집,1,1,0,NO_CHANGE,0
페레이라,1,1,0,NO_CHANGE,0
포켓,1,1,0,NO_CHANGE,0
평생,1,1,0,NO_CHANGE,0
타코야끼,1,1,0,NO_CHANGE,0
탈출,1,1,0,NO_CHANGE,0
타이거즈,1,1,0,NO_CHANGE,0
타짜,2,2,0,NO_CHANGE,0
탄생,1,1,0,NO_CHANGE,0
타파,1,1,0,NO_CHANGE,0
크기,2,2,0,NO_CHANGE,0
크랩,1,1,0,NO_CHANGE,0
쿤스트,1,1,0,NO_CHANGE,0
키다리,1,1,0,NO_CHANGE,0
크림,1,1,0,NO_CHANGE,0
크루즈,1,1,0,NO_CHANGE,0
타워,1,1,0,NO_CHANGE,0
타로점,1,1,0,NO_CHANGE,0
키키,2,2,0,NO_CHANGE,0
킬링,1,1,0,NO_CHANGE,0
키맨,1,1,0,NO_CHANGE,0
타로,1,1,0,NO_CHANGE,0
타고,1,1,0,NO_CHANGE,0
투탁,1,1,0,NO_CHANGE,0
튀르키예,2,2,0,NO_CHANGE,0
투움바,1,1,0,NO_CHANGE,0
투어,1,1,0,NO_CHANGE,0
튜브,1,1,0,NO_CHANGE,0
트레일러,1,1,0,NO_CHANGE,0
튜버,1,1,0,NO_CHANGE,0
퇴사,1,1,0,NO_CHANGE,0
트레저,1,1,0,NO_CHANGE,0
테스트,1,1,0,NO_CHANGE,0
탑승,1,1,0,NO_CHANGE,0
태린,1,1,0,NO_CHANGE,0
태블릿,1,1,0,NO_CHANGE,0
탐방,2,2,0,NO_CHANGE,0
터키,1,1,0,NO_CHANGE,0
텃세,1,1,0,NO_CHANGE,0
통발,1,1,0,NO_CHANGE,0
토트넘,1,1,0,NO_CHANGE,0
토종,1,1,0,NO_CHANGE,0
텐션,1,1,0,NO_CHANGE,0
텐트,1,1,0,NO_CHANGE,0
토스트,2,2,0,NO_CHANGE,0
토우,1,1,0,NO_CHANGE,0
화제,1,1,0,NO_CHANGE,0
화이트데이,1,1,0,NO_CHANGE,0
황동주,1,1,0,NO_CHANGE,0
활용,1,1,0,NO_CHANGE,0
황인,1,1,0,NO_CHANGE,0
활동,2,2,0,NO_CHANGE,0
화투,2,2,0,NO_CHANGE,0
확인,1,1,0,NO_CHANGE,0
하나,1,1,0,NO_CHANGE,0
호시,1,1,0,NO_CHANGE,0
호기,1,1,0,NO_CHANGE,0
혼종,1,1,0,NO_CHANGE,0
홍진경,1,1,0,NO_CHANGE,0
화보,1,1,0,NO_CHANGE,0
호텔,1,1,0,NO_CHANGE,0
화사,2,2,0,NO_CHANGE,0
호주,1,1,0,NO_CHANGE,0
훈련기,1,1,0,NO_CHANGE,0
훈련,1,1,0,NO_CHANGE,0
훈육,1,1,0,NO_CHANGE,0
히든,1,1,0,NO_CHANGE,0
휴먼다큐,1,1,0,NO_CHANGE,0
희영,1,1,0,NO_CHANGE,0
회사,1,1,0,NO_CHANGE,0
회수,1,1,0,NO_CHANGE,0
후쪽,1,1,0,NO_CHANGE,0
후의,1,1,0,NO_CHANGE,0
후기,1,1,0,NO_CHANGE,0
효능,1,1,0,NO_CHANGE,0
할머니,1,1,0,NO_CHANGE,0
한혜진,2,2,0,NO_CHANGE,0
한형,2,2,0,NO_CHANGE,0
한우,1,1,0,NO_CHANGE,0
한판,1,1,0,NO_CHANGE,0
한일,1,1,0,NO_CHANGE,0
학번,1,1,0,NO_CHANGE,0
한가인,1,1,0,NO_CHANGE,0
학교,1,1,0,NO_CHANGE,0
하루,1,1,0,NO_CHANGE,0
하드코어,1,1,0,NO_CHANGE,0
하우스,1,1,0,NO_CHANGE,0
한여름,1,1,0,NO_CHANGE,0
한남동,1,1,0,NO_CHANGE,0
현장,1,1,0,NO_CHANGE,0
현영,1,1,0,NO_CHANGE,0
형부,1,1,0,NO_CHANGE,0
형아,1,1,0,NO_CHANGE,0
형님,1,1,0,NO_CHANGE,0
혜리,1,1,0,NO_CHANGE,0
형제,1,1,0,NO_CHANGE,0
합류,1,1,0,NO_CHANGE,0
할인,1,1,0,NO_CHANGE,0
향기,1,1,0,NO_CHANGE,0
허락,1,1,0,NO_CHANGE,0
행복,1,1,0,NO_CHANGE,0
핵사,1,1,0,NO_CHANGE,0
해커,1,1,0,NO_CHANGE,0
현경,2,2,0,NO_CHANGE,0
허준호,1,1,0,NO_CHANGE,0
해원,1,1,0,NO_CHANGE,0
지방,1,1,0,NO_CHANGE,0
지식인,1,1,0,NO_CHANGE,0
지드래곤,1,1,0,NO_CHANGE,0
지난,1,1,0,NO_CHANGE,0
지옥,1,1,0,NO_CHANGE,0
준비,1,1,0,NO_CHANGE,0
준비물,2,2,0,NO_CHANGE,0
지금,1,1,0,NO_CHANGE,0
중미,1,1,0,NO_CHANGE,0
지인,2,2,0,NO_CHANGE,0
주인공,1,1,0,NO_CHANGE,0
준결승,1,1,0,NO_CHANGE,0
주체,1,1,0,NO_CHANGE,0
주의,1,1,0,NO_CHANGE,0
주우,1,1,0,NO_CHANGE,0
질문,1,1,0,NO_CHANGE,0
진화,1,1,0,NO_CHANGE,0
진짤루,1,1,0,NO_CHANGE,0
짜장면,1,1,0,NO_CHANGE,0
집앞,1,1,0,NO_CHANGE,0
짬뽕,1,1,0,NO_CHANGE,0
집대성,2,2,0,NO_CHANGE,0
집기,1,1,0,NO_CHANGE,0
찜닭,1,1,0,NO_CHANGE,0
쯔양,1,1,0,NO_CHANGE,0
질투,1,1,0,NO_CHANGE,0
진짜,2,2,0,NO_CHANGE,0
직원,1,1,0,NO_CHANGE,0
직접,2,2,0,NO_CHANGE,0
진승,1,1,0,NO_CHANGE,0
제왕절개,1,1,0,NO_CHANGE,0
제로,1,1,0,NO_CHANGE,0
제안,1,1,0,NO_CHANGE,0
제법,1,1,0,NO_CHANGE,0
정장,1,1,0,NO_CHANGE,0
제대로,1,1,0,NO_CHANGE,0
좀비,1,1,0,NO_CHANGE,0
종료,1,1,0,NO_CHANGE,0
졸업식,1,1,0,NO_CHANGE,0
존재,1,1,0,NO_CHANGE,0
조훈현,1,1,0,NO_CHANGE,0
주년,1,1,0,NO_CHANGE,0
주민,1,1,0,NO_CHANGE,0
주방,1,1,0,NO_CHANGE,0
주도,1,1,0,NO_CHANGE,0
제일,1,1,0,NO_CHANGE,0
제작,1,1,0,NO_CHANGE,0
젤리,1,1,0,NO_CHANGE,0
제주,1,1,0,NO_CHANGE,0
조카,1,1,0,NO_CHANGE,0
조각,1,1,0,NO_CHANGE,0
조달,1,1,0,NO_CHANGE,0
조선,2,2,0,NO_CHANGE,0
조민수,1,1,0,NO_CHANGE,0
출석,1,1,0,NO_CHANGE,0
출시,1,1,0,NO_CHANGE,0
출연,1,1,0,NO_CHANGE,0
추천,2,2,0,NO_CHANGE,0
출근,1,1,0,NO_CHANGE,0
추적,1,1,0,NO_CHANGE,0
추성훈,2,2,0,NO_CHANGE,0
출산,3,3,0,NO_CHANGE,0
출발,1,1,0,NO_CHANGE,0
최후,2,2,0,NO_CHANGE,0
추구,1,1,0,NO_CHANGE,0
추가,1,1,0,NO_CHANGE,0
코드,1,1,0,NO_CHANGE,0
코스,1,1,0,NO_CHANGE,0
코바,1,1,0,NO_CHANGE,0
케미,2,2,0,NO_CHANGE,0
코스트코,1,1,0,NO_CHANGE,0
콜렉터,1,1,0,NO_CHANGE,0
콘서트,3,3,0,NO_CHANGE,0
컨설팅,1,1,0,NO_CHANGE,0
충격,1,1,0,NO_CHANGE,0
캐디,1,1,0,NO_CHANGE,0
칼라,1,1,0,NO_CHANGE,0
카츠,1,1,0,NO_CHANGE,0
카메라,1,1,0,NO_CHANGE,0
취한,1,1,0,NO_CHANGE,0
치즈,1,1,0,NO_CHANGE,0
채널,1,1,0,NO_CHANGE,0
참기름,1,1,0,NO_CHANGE,0
찵여오너,1,1,0,NO_CHANGE,0
처리기,1,1,0,NO_CHANGE,0
첫사랑,1,1,0,NO_CHANGE,0
찬영,1,1,0,NO_CHANGE,0
찰승헌,1,1,0,NO_CHANGE,0
찰스,1,1,0,NO_CHANGE,0
천재,1,1,0,NO_CHANGE,0
천국,1,1,0,NO_CHANGE,0
철학,1,1,0,NO_CHANGE,0
처음,3,3,0,NO_CHANGE,0
차로,2,2,0,NO_CHANGE,0
차석,1,1,0,NO_CHANGE,0
찬가,1,1,0,NO_CHANGE,0
차이,1,1,0,NO_CHANGE,0
최애,1,1,0,NO_CHANGE,0
최시훈,1,1,0,NO_CHANGE,0
최고,2,2,0,NO_CHANGE,0
초소,1,1,0,NO_CHANGE,0
초초,1,1,0,NO_CHANGE,0
초보,1,1,0,NO_CHANGE,0
초반,1,1,0,NO_CHANGE,0
최강,1,1,0,NO_CHANGE,0
촬영장,1,1,0,NO_CHANGE,0
초특,1,1,0,NO_CHANGE,0
첫인상,1,1,0,NO_CHANGE,0
체험,1,1,0,NO_CHANGE,0
초대,2,2,0,NO_CHANGE,0
체리,1,1,0,NO_CHANGE,0
체력,1,1,0,NO_CHANGE,0
초대형,2,2,0,NO_CHANGE,0
초대장,1,1,0,NO_CHANGE,0
청춘,1,1,0,NO_CHANGE,0
청년,1,1,0,NO_CHANGE,0
청문회,1,1,0,NO_CHANGE,0
슬기,1,1,0,NO_CHANGE,0
데프콘,1,1,0,NO_CHANGE,0
도넛,1,1,0,NO_CHANGE,0
도시락,1,1,0,NO_CHANGE,0
도어,1,1,0,NO_CHANGE,0
도매,1,1,0,NO_CHANGE,0
대학,1,1,0,NO_CHANGE,0
대화,2,2,0,NO_CHANGE,0
대한민국,1,1,0,NO_CHANGE,0
대회,1,1,0,NO_CHANGE,0
데뷔,1,1,0,NO_CHANGE,0
더니,1,1,0,NO_CHANGE,0
동안,1,1,0,NO_CHANGE,0
동생,1,1,0,NO_CHANGE,0
동물,1,1,0,NO_CHANGE,0
독침,1,1,0,NO_CHANGE,0
돈까스,1,1,0,NO_CHANGE,0
동갑,1,1,0,NO_CHANGE,0
동네,1,1,0,NO_CHANGE,0
동묘,3,3,0,NO_CHANGE,0
독서,1,1,0,NO_CHANGE,0
독수리,1,1,0,NO_CHANGE,0
도쿄,1,1,0,NO_CHANGE,0
도착,1,1,0,NO_CHANGE,0
독일,1,1,0,NO_CHANGE,0
독자,1,1,0,NO_CHANGE,0
도전,2,2,0,NO_CHANGE,0
다이닝,1,1,0,NO_CHANGE,0
다이브,1,1,0,NO_CHANGE,0
다운,1,1,0,NO_CHANGE,0
다홍,1,1,0,NO_CHANGE,0
닥터,1,1,0,NO_CHANGE,0
다이어트,1,1,0,NO_CHANGE,0
다비치,1,1,0,NO_CHANGE,0
달달,1,1,0,NO_CHANGE,0
달라,2,2,0,NO_CHANGE,0
담당자,1,1,0,NO_CHANGE,0
단계,1,1,0,NO_CHANGE,0
넥스트,1,1,0,NO_CHANGE,0
넷플릭스,1,1,0,NO_CHANGE,0
노동,1,1,0,NO_CHANGE,0
눈앞,1,1,0,NO_CHANGE,0
눕프핵,1,1,0,NO_CHANGE,0
눈물,1,1,0,NO_CHANGE,0
노화,1,1,0,NO_CHANGE,0
누구,1,1,0,NO_CHANGE,0
녹음실,1,1,0,NO_CHANGE,0
누운,1,1,0,NO_CHANGE,0
노트북,1,1,0,NO_CHANGE,0
누룽지,1,1,0,NO_CHANGE,0
대망,1,1,0,NO_CHANGE,0
대신,1,1,0,NO_CHANGE,0
대박,1,1,0,NO_CHANGE,0
대기업,1,1,0,NO_CHANGE,0
대장정,1,1,0,NO_CHANGE,0
대전,1,1,0,NO_CHANGE,0
대응,1,1,0,NO_CHANGE,0
대접,1,1,0,NO_CHANGE,0
대창,1,1,0,NO_CHANGE,0
대치동,1,1,0,NO_CHANGE,0
당장,1,1,0,NO_CHANGE,0
대결,1,1,0,NO_CHANGE,0
대가족,1,1,0,NO_CHANGE,0
당황,1,1,0,NO_CHANGE,0
대국,1,1,0,NO_CHANGE,0
리얼,1,1,0,NO_CHANGE,0
리지,1,1,0,NO_CHANGE,0
리사이틀,3,3,0,NO_CHANGE,0
리뷰,2,2,0,NO_CHANGE,0
류진,1,1,0,NO_CHANGE,0
마냥,1,1,0,NO_CHANGE,0
마셰코,1,1,0,NO_CHANGE,0
마루,1,1,0,NO_CHANGE,0
마고,1,1,0,NO_CHANGE,0
루랑둥,1,1,0,NO_CHANGE,0
마지막,1,1,0,NO_CHANGE,0
마음,1,1,0,NO_CHANGE,0
마이,1,1,0,NO_CHANGE,0
마인크래프트,1,1,0,NO_CHANGE,0
마중,1,1,0,NO_CHANGE,0
롤모델,1,1,0,NO_CHANGE,0
롯폰기,1,1,0,NO_CHANGE,0
롯데리아,1,1,0,NO_CHANGE,0
롯데,1,1,0,NO_CHANGE,0
롬앤,1,1,0,NO_CHANGE,0
둘이서,1,1,0,NO_CHANGE,0
만전,1,1,0,NO_CHANGE,0
만찬,2,2,0,NO_CHANGE,0
만두,1,1,0,NO_CHANGE,0
만삭,1,1,0,NO_CHANGE,0
말빨,1,1,0,NO_CHANGE,0
매일,1,1,0,NO_CHANGE,0
말함,1,1,0,NO_CHANGE,0
마침내,1,1,0,NO_CHANGE,0
막내,1,1,0,NO_CHANGE,0
만난,2,2,0,NO_CHANGE,0
만남,1,1,0,NO_CHANGE,0
만능,1,1,0,NO_CHANGE,0
만날,1,1,0,NO_CHANGE,0
등장,1,1,0,NO_CHANGE,0
등원,2,2,0,NO_CHANGE,0
등촌,1,1,0,NO_CHANGE,0
딩고,1,1,0,NO_CHANGE,0
디스,1,1,0,NO_CHANGE,0
드립,1,1,0,NO_CHANGE,0
들기름,1,1,0,NO_CHANGE,0
둥이,1,1,0,NO_CHANGE,0
드레스,1,1,0,NO_CHANGE,0
레이브,1,1,0,NO_CHANGE,0
레저,1,1,0,NO_CHANGE,0
레전드,1,1,0,NO_CHANGE,0
로드,1,1,0,NO_CHANGE,0
로버트,1,1,0,NO_CHANGE,0
로컬,1,1,0,NO_CHANGE,0
록담,1,1,0,NO_CHANGE,0
뚜껑,1,1,0,NO_CHANGE,0
뜨개질,1,1,0,NO_CHANGE,0
떡볶이,1,1,0,NO_CHANGE,0
라이딩,1,1,0,NO_CHANGE,0
라면,1,1,0,NO_CHANGE,0
떡값,1,1,0,NO_CHANGE,0
때문,1,1,0,NO_CHANGE,0
란제리,1,1,0,NO_CHANGE,0
람보르기니,1,1,0,NO_CHANGE,0
라잌,1,1,0,NO_CHANGE,0
레시피,4,4,0,NO_CHANGE,0
러버,1,1,0,NO_CHANGE,0
개그맨,1,1,0,NO_CHANGE,0
거부,1,1,0,NO_CHANGE,0
개발자,1,1,0,NO_CHANGE,0
개월,1,1,0,NO_CHANGE,0
개선,1,1,0,NO_CHANGE,0
갱신,1,1,0,NO_CHANGE,0
갤럭시,1,1,0,NO_CHANGE,0
감성돔,1,1,0,NO_CHANGE,0
감상,1,1,0,NO_CHANGE,0
감독,1,1,0,NO_CHANGE,0
강아지,1,1,0,NO_CHANGE,0
강화,1,1,0,NO_CHANGE,0
강사,1,1,0,NO_CHANGE,0
갓난아기,1,1,0,NO_CHANGE,0
감스트,1,1,0,NO_CHANGE,0
감염,1,1,0,NO_CHANGE,0
갑자기,1,1,0,NO_CHANGE,0
고민,1,1,0,NO_CHANGE,0
결승전,1,1,0,NO_CHANGE,0
결혼식,1,1,0,NO_CHANGE,0
계란,1,1,0,NO_CHANGE,0
계약,1,1,0,NO_CHANGE,0
고려,1,1,0,NO_CHANGE,0
고래,1,1,0,NO_CHANGE,0
게스트,1,1,0,NO_CHANGE,0
걸스,1,1,0,NO_CHANGE,0
거짓,1,1,0,NO_CHANGE,0
겁쟁이,1,1,0,NO_CHANGE,0
검사,1,1,0,NO_CHANGE,0
결과,1,1,0,NO_CHANGE,0
겨울잠,1,1,0,NO_CHANGE,0
가지,1,1,0,NO_CHANGE,0
가즈,1,1,0,NO_CHANGE,0
가수,1,1,0,NO_CHANGE,0
가위바위보,1,1,0,NO_CHANGE,0
가장,2,2,0,NO_CHANGE,0
가요무대,2,2,0,NO_CHANGE,0
가족,2,2,0,NO_CHANGE,0
가전,1,1,0,NO_CHANGE,0
가기,1,1,0,NO_CHANGE,0
가득,2,2,0,NO_CHANGE,0
가구,1,1,0,NO_CHANGE,0
가든,1,1,0,NO_CHANGE,0
가면,1,1,0,NO_CHANGE,0
가비,1,1,0,NO_CHANGE,0
갈비,1,1,0,NO_CHANGE,0
간격,1,1,0,NO_CHANGE,0
간식,1,1,0,NO_CHANGE,0
간단,1,1,0,NO_CHANGE,0
가평,1,1,0,NO_CHANGE,0
간이,1,1,0,NO_CHANGE,0
감기,1,1,0,NO_CHANGE,0
감격,1,1,0,NO_CHANGE,0
가짤루,1,1,0,NO_CHANGE,0
가탴,1,1,0,NO_CHANGE,0
나래,1,1,0,NO_CHANGE,0
나지완,1,1,0,NO_CHANGE,0
나우,1,1,0,NO_CHANGE,0
나미,1,1,0,NO_CHANGE,0
나잇,1,1,0,NO_CHANGE,0
김용,3,3,0,NO_CHANGE,0
김원,1,1,0,NO_CHANGE,0
김재중,2,2,0,NO_CHANGE,0
김준호,1,1,0,NO_CHANGE,0
나고야,1,1,0,NO_CHANGE,0
끝장,1,1,0,NO_CHANGE,0
김희재,1,1,0,NO_CHANGE,0
김희철,1,1,0,NO_CHANGE,0
깜짝,1,1,0,NO_CHANGE,0
꿀템,1,1,0,NO_CHANGE,0
꿀벌,1,1,0,NO_CHANGE,0
꼬북칩,1,1,0,NO_CHANGE,0
냉터뷰,1,1,0,NO_CHANGE,0
냉장고,2,2,0,NO_CHANGE,0
납치,1,1,0,NO_CHANGE,0
낭만,1,1,0,NO_CHANGE,0
내기,1,1,0,NO_CHANGE,0
남친,2,2,0,NO_CHANGE,0
남자,1,1,0,NO_CHANGE,0
나혼산,1,1,0,NO_CHANGE,0
나폴리,1,1,0,NO_CHANGE,0
남미,1,1,0,NO_CHANGE,0
난생처음,1,1,0,NO_CHANGE,0
과연,1,1,0,NO_CHANGE,0
관광객,1,1,0,NO_CHANGE,0
과정,1,1,0,NO_CHANGE,0
과감,1,1,0,NO_CHANGE,0
관왕,1,1,0,NO_CHANGE,0
관찰,1,1,0,NO_CHANGE,0
공중파,1,1,0,NO_CHANGE,0
공항,1,1,0,NO_CHANGE,0
괄사,1,1,0,NO_CHANGE,0
구독,1,1,0,NO_CHANGE,0
구이,1,1,0,NO_CHANGE,0
구름,1,1,0,NO_CHANGE,0
교육,1,1,0,NO_CHANGE,0
국물,1,1,0,NO_CHANGE,0
국민,1,1,0,NO_CHANGE,0
광고,1,1,0,NO_CHANGE,0
광탈,1,1,0,NO_CHANGE,0
김소희,1,1,0,NO_CHANGE,0
고품격,1,1,0,NO_CHANGE,0
고추,1,1,0,NO_CHANGE,0
고삐,1,1,0,NO_CHANGE,0
고요,2,2,0,NO_CHANGE,0
고왕,2,2,0,NO_CHANGE,0
공장,1,1,0,NO_CHANGE,0
공구,1,1,0,NO_CHANGE,0
국산,1,1,0,NO_CHANGE,0
기아,1,1,0,NO_CHANGE,0
기자,1,1,0,NO_CHANGE,0
긴장,2,2,0,NO_CHANGE,0
김미숙,2,2,0,NO_CHANGE,0
김광규,1,1,0,NO_CHANGE,0
긴급,2,2,0,NO_CHANGE,0
김사랑,1,1,0,NO_CHANGE,0
기저귀,1,1,0,NO_CHANGE,0
규현,1,1,0,NO_CHANGE,0
군대리아,1,1,0,NO_CHANGE,0
귀국,1,1,0,NO_CHANGE,0
그냥,1,1,0,NO_CHANGE,0
기능,1,1,0,NO_CHANGE,0
기상,1,1,0,NO_CHANGE,0
급찐급빠,1,1,0,NO_CHANGE,0
급식,1,1,0,NO_CHANGE,0
그녀,1,1,0,NO_CHANGE,0
그룹,1,1,0,NO_CHANGE,0
금고,1,1,0,NO_CHANGE,0
근황,2,2,0,NO_CHANGE,0
세대,1,1,0,NO_CHANGE,0
세기,1,1,0,NO_CHANGE,0
세븐,1,1,0,NO_CHANGE,0
설영,1,1,0,NO_CHANGE,0
섭외,1,1,0,NO_CHANGE,0
성견,1,1,0,NO_CHANGE,0
성동일,2,2,0,NO_CHANGE,0
성적,1,1,0,NO_CHANGE,0
소개팅,1,1,0,NO_CHANGE,0
셀폰,1,1,0,NO_CHANGE,0
세안,1,1,0,NO_CHANGE,0
세월,1,1,0,NO_CHANGE,0
세상,1,1,0,NO_CHANGE,0
선택,1,1,0,NO_CHANGE,0
삼겹살,1,1,0,NO_CHANGE,0
삼성,1,1,0,NO_CHANGE,0
살인마,1,1,0,NO_CHANGE,0
살이,1,1,0,NO_CHANGE,0
삼촌,1,1,0,NO_CHANGE,0
삼양라면,1,1,0,NO_CHANGE,0
살롱,1,1,0,NO_CHANGE,0
살림,1,1,0,NO_CHANGE,0
상담,1,1,0,NO_CHANGE,0
새내기,1,1,0,NO_CHANGE,0
상해,1,1,0,NO_CHANGE,0
사이버,1,1,0,NO_CHANGE,0
사전,1,1,0,NO_CHANGE,0
사제,1,1,0,NO_CHANGE,0
사쿠라,2,2,0,NO_CHANGE,0
삭발,1,1,0,NO_CHANGE,0
산골,1,1,0,NO_CHANGE,0
샹궈,1,1,0,NO_CHANGE,0
서막,1,1,0,NO_CHANGE,0
샤브샤브,1,1,0,NO_CHANGE,0
서방,1,1,0,NO_CHANGE,0
서약,1,1,0,NO_CHANGE,0
서울대,1,1,0,NO_CHANGE,0
선물,3,3,0,NO_CHANGE,0
선생님,1,1,0,NO_CHANGE,0
선집,1,1,0,NO_CHANGE,0
선임,1,1,0,NO_CHANGE,0
색깔,2,2,0,NO_CHANGE,0
색안경,1,1,0,NO_CHANGE,0
새우,1,1,0,NO_CHANGE,0
새벽,1,1,0,NO_CHANGE,0
생일,2,2,0,NO_CHANGE,0
샌드위치,1,1,0,NO_CHANGE,0
생각,1,1,0,NO_CHANGE,0
생활,1,1,0,NO_CHANGE,0
생후,1,1,0,NO_CHANGE,0
생존,1,1,0,NO_CHANGE,0
승무원,1,1,0,NO_CHANGE,0
시간,1,1,0,NO_CHANGE,0
승부,1,1,0,NO_CHANGE,0
승호,1,1,0,NO_CHANGE,0
슈퍼주니어,1,1,0,NO_CHANGE,0
스마트폰,1,1,0,NO_CHANGE,0
슈퍼맨,1,1,0,NO_CHANGE,0
스포,1,1,0,NO_CHANGE,0
스타트업,1,1,0,NO_CHANGE,0
스테이,2,2,0,NO_CHANGE,0
스패니시,1,1,0,NO_CHANGE,0
스파이,1,1,0,NO_CHANGE,0
스트리밍,1,1,0,NO_CHANGE,0
스테이크,1,1,0,NO_CHANGE,0
신라면,1,1,0,NO_CHANGE,0
신발,4,4,0,NO_CHANGE,0
신고식,1,1,0,NO_CHANGE,0
식탁,2,2,0,NO_CHANGE,0
신혼집,1,1,0,NO_CHANGE,0
실력,1,1,0,NO_CHANGE,0
신작,1,1,0,NO_CHANGE,0
식빵,1,1,0,NO_CHANGE,0
실전,1,1,0,NO_CHANGE,0
실제,1,1,0,NO_CHANGE,0
시계,1,1,0,NO_CHANGE,0
시안,2,2,0,NO_CHANGE,0
시작,2,2,0,NO_CHANGE,0
시절,1,1,0,NO_CHANGE,0
식당,1,1,0,NO_CHANGE,0
슈블리맘,1,1,0,NO_CHANGE,0
소식,1,1,0,NO_CHANGE,0
소원,1,1,0,NO_CHANGE,0
소녀,1,1,0,NO_CHANGE,0
소리,1,1,0,NO_CHANGE,0
소스,1,1,0,NO_CHANGE,0
소년,1,1,0,NO_CHANGE,0
송하영,1,1,0,NO_CHANGE,0
송필근,1,1,0,NO_CHANGE,0
송도,1,1,0,NO_CHANGE,0
송은이,1,1,0,NO_CHANGE,0
송승환,1,1,0,NO_CHANGE,0
수시,1,1,0,NO_CHANGE,0
숙녀,1,1,0,NO_CHANGE,0
수영장,1,1,0,NO_CHANGE,0
순간,1,1,0,NO_CHANGE,0
숯불,1,1,0,NO_CHANGE,0
쇼핑,1,1,0,NO_CHANGE,0
수능,1,1,0,NO_CHANGE,0
속임수,1,1,0,NO_CHANGE,0
소장품,1,1,0,NO_CHANGE,0
속보,1,1,0,NO_CHANGE,0
손보,1,1,0,NO_CHANGE,0
손빈,1,1,0,NO_CHANGE,0
손흥민,2,2,0,NO_CHANGE,0
바리스타,2,2,0,NO_CHANGE,0
박나래,1,1,0,NO_CHANGE,0
바로,1,1,0,NO_CHANGE,0
박서진,1,1,0,NO_CHANGE,0
미키,1,1,0,NO_CHANGE,0
미용,1,1,0,NO_CHANGE,0
미스터리,1,1,0,NO_CHANGE,0
민호,1,1,0,NO_CHANGE,0
바둑,1,1,0,NO_CHANGE,0
민옥,1,1,0,NO_CHANGE,0
뮤직뱅크,1,1,0,NO_CHANGE,0
뮤직,1,1,0,NO_CHANGE,0
미국인,1,1,0,NO_CHANGE,0
미만,1,1,0,NO_CHANGE,0
배틀,1,1,0,NO_CHANGE,0
백설공주,1,1,0,NO_CHANGE,0
배소현,1,1,0,NO_CHANGE,0
배우,2,2,0,NO_CHANGE,0
박지,1,1,0,NO_CHANGE,0
배꼽,1,1,0,NO_CHANGE,0
박수홍,1,1,0,NO_CHANGE,0
방과후,1,1,0,NO_CHANGE,0
방법,3,3,0,NO_CHANGE,0
발휘,1,1,0,NO_CHANGE,0
발언,1,1,0,NO_CHANGE,0
방치,1,1,0,NO_CHANGE,0
방지,1,1,0,NO_CHANGE,0
박태진,1,1,0,NO_CHANGE,0
박형식,1,1,0,NO_CHANGE,0
발달,1,1,0,NO_CHANGE,0
반응,1,1,0,NO_CHANGE,0
모습,1,1,0,NO_CHANGE,0
모임,1,1,0,NO_CHANGE,0
모자,1,1,0,NO_CHANGE,0
모든,1,1,0,NO_CHANGE,0
모먼트,1,1,0,NO_CHANGE,0
몬븐틴,1,1,0,NO_CHANGE,0
몬스타,1,1,0,NO_CHANGE,0
맥주,1,1,0,NO_CHANGE,0
머리,1,1,0,NO_CHANGE,0
매출,1,1,0,NO_CHANGE,0
멘붕,1,1,0,NO_CHANGE,0
명인,1,1,0,NO_CHANGE,0
면역,1,1,0,NO_CHANGE,0
메이크업,1,1,0,NO_CHANGE,0
모두,1,1,0,NO_CHANGE,0
모델,1,1,0,NO_CHANGE,0
멋대로,2,2,0,NO_CHANGE,0
메시지,1,1,0,NO_CHANGE,0
메드,1,1,0,NO_CHANGE,0
메이드,1,1,0,NO_CHANGE,0
메이,1,1,0,NO_CHANGE,0
물회,1,1,0,NO_CHANGE,0
무려,2,2,0,NO_CHANGE,0
무성,1,1,0,NO_CHANGE,0
무대,2,2,0,NO_CHANGE,0
묵은지,1,1,0,NO_CHANGE,0
무시,1,1,0,NO_CHANGE,0
무조건,1,1,0,NO_CHANGE,0
무제한,1,1,0,NO_CHANGE,0
무슨,1,1,0,NO_CHANGE,0
문화,1,1,0,NO_CHANGE,0
물어,1,1,0,NO_CHANGE,0
비결,1,1,0,NO_CHANGE,0
비명,1,1,0,NO_CHANGE,0
비밀,1,1,0,NO_CHANGE,0
비디오,1,1,0,NO_CHANGE,0
비트박서,1,1,0,NO_CHANGE,0
비법,1,1,0,NO_CHANGE,0
불고기,1,1,0,NO_CHANGE,0
불닭,1,1,0,NO_CHANGE,0
브로콜리,1,1,0,NO_CHANGE,0
사람인,1,1,0,NO_CHANGE,0
사랑,3,3,0,NO_CHANGE,0
사냥꾼,1,1,0,NO_CHANGE,0
사상,1,1,0,NO_CHANGE,0
사실,1,1,0,NO_CHANGE,0
사무실,1,1,0,NO_CHANGE,0
사우나,1,1,0,NO_CHANGE,0
사위,1,1,0,NO_CHANGE,0
사이,1,1,0,NO_CHANGE,0
빡세,2,2,0,NO_CHANGE,0
비행기,1,1,0,NO_CHANGE,0
사나,1,1,0,NO_CHANGE,0
사기,1,1,0,NO_CHANGE,0
버전,1,1,0,NO_CHANGE,0
버터,1,1,0,NO_CHANGE,0
번호,1,1,0,NO_CHANGE,0
법대,1,1,0,NO_CHANGE,0
베이스,1,1,0,NO_CHANGE,0
베텔기우스,1,1,0,NO_CHANGE,0
베트남,1,1,0,NO_CHANGE,0
백지영,1,1,0,NO_CHANGE,0
백화점,1,1,0,NO_CHANGE,0
뱃살,2,2,0,NO_CHANGE,0
봉준호,1,1,0,NO_CHANGE,0
부모,1,1,0,NO_CHANGE,0
복어,2,2,0,NO_CHANGE,0
부순,1,1,0,NO_CHANGE,0
부채,1,1,0,NO_CHANGE,0
부초,1,1,0,NO_CHANGE,0
보이스,1,1,0,NO_CHANGE,0
보장,1,1,0,NO_CHANGE,0
보호,1,1,0,NO_CHANGE,0
분위기,1,1,0,NO_CHANGE,0
북미,1,1,0,NO_CHANGE,0
북한,1,1,0,NO_CHANGE,0
부탁,2,2,0,NO_CHANGE,0
변호사,1,1,0,NO_CHANGE,0
별명,1,1,0,NO_CHANGE,0
보따리,1,1,0,NO_CHANGE,0
보라,1,1,0,NO_CHANGE,0
